"sample 1" "sample 2" "sample 3" "sample 4" "sample 5" "sample 6" "sample 7" "sample 8" "sample 9" "sample 10"
"...1" 0.741428571428571 0.753333333333333 0.757619047619048 0.752380952380952 0.762380952380952 0.753333333333333 0.749047619047619 0.750476190476191 0.765238095238095 0.746190476190476
"...2" 0.756666666666667 0.743809523809524 0.741904761904762 0.762380952380952 0.741904761904762 0.746190476190476 0.755238095238095 0.739523809523809 0.755714285714286 0.742857142857143
"...3" 0.755238095238095 0.741904761904762 0.741428571428571 0.754761904761905 0.744761904761905 0.747142857142857 0.745238095238095 0.753809523809524 0.747142857142857 0.746190476190476
"...4" 0.781904761904762 0.778095238095238 0.763809523809524 0.776666666666667 0.765238095238095 0.785238095238095 0.781904761904762 0.759047619047619 0.774285714285714 0.779047619047619
"...5" 0.773809523809524 0.765714285714286 0.76 0.778095238095238 0.769047619047619 0.792857142857143 0.773809523809524 0.778571428571429 0.781904761904762 0.763809523809524
"...6" 0.748571428571429 0.737142857142857 0.743333333333333 0.749523809523809 0.755238095238095 0.758095238095238 0.756190476190476 0.741428571428571 0.755238095238095 0.741904761904762
"...7" 0.771904761904762 0.784285714285714 0.768095238095238 0.758095238095238 0.766190476190476 0.778571428571429 0.778095238095238 0.779047619047619 0.755714285714286 0.77
"...8" 0.758571428571429 0.754761904761905 0.755238095238095 0.751904761904762 0.746190476190476 0.754761904761905 0.756666666666667 0.747619047619048 0.748571428571429 0.747142857142857
"...9" 0.755714285714286 0.786666666666667 0.773809523809524 0.769047619047619 0.77 0.78047619047619 0.768571428571429 0.764761904761905 0.778095238095238 0.776190476190476
"...10" 0.738095238095238 0.746190476190476 0.736666666666667 0.748571428571429 0.742857142857143 0.749047619047619 0.745238095238095 0.729047619047619 0.741428571428571 0.761904761904762
"...11" 0.751428571428571 0.754285714285714 0.756666666666667 0.747619047619048 0.736666666666667 0.745714285714286 0.750476190476191 0.739047619047619 0.755238095238095 0.75
"...12" 0.744761904761905 0.730476190476191 0.754285714285714 0.737619047619048 0.750476190476191 0.751428571428571 0.744761904761905 0.748571428571429 0.742857142857143 0.742857142857143
"...13" 0.725238095238095 0.740952380952381 0.744761904761905 0.744285714285714 0.757619047619048 0.740476190476191 0.752857142857143 0.736190476190476 0.737619047619048 0.750952380952381
"...14" 0.769523809523809 0.772857142857143 0.761428571428571 0.77 0.774285714285714 0.779047619047619 0.770952380952381 0.775238095238095 0.77 0.778095238095238
"...15" 0.759047619047619 0.762380952380952 0.763809523809524 0.771428571428571 0.775714285714286 0.766190476190476 0.769523809523809 0.773809523809524 0.764761904761905 0.764285714285714
"...16" 0.78047619047619 0.778571428571429 0.776666666666667 0.772857142857143 0.752380952380952 0.777142857142857 0.763333333333333 0.764285714285714 0.77047619047619 0.768571428571429
"...17" 0.768571428571429 0.760476190476191 0.768095238095238 0.772857142857143 0.762380952380952 0.763333333333333 0.775238095238095 0.77047619047619 0.779047619047619 0.764285714285714
"...18" 0.744285714285714 0.752857142857143 0.743809523809524 0.737142857142857 0.733333333333333 0.761904761904762 0.765714285714286 0.742380952380952 0.742857142857143 0.71952380952381
"...19" 0.761428571428571 0.775238095238095 0.765714285714286 0.773333333333333 0.762857142857143 0.767619047619048 0.778571428571429 0.763809523809524 0.770952380952381 0.774285714285714
"...20" 0.769523809523809 0.79 0.783809523809524 0.780952380952381 0.774285714285714 0.765238095238095 0.774761904761905 0.772857142857143 0.777142857142857 0.788571428571429
"...21" 0.736190476190476 0.734761904761905 0.748095238095238 0.738571428571429 0.745238095238095 0.744285714285714 0.749047619047619 0.724285714285714 0.745238095238095 0.749523809523809
"...22" 0.777619047619048 0.768571428571429 0.768095238095238 0.763809523809524 0.775714285714286 0.780952380952381 0.771904761904762 0.778095238095238 0.785714285714286 0.781428571428571
"...23" 0.756666666666667 0.752857142857143 0.79 0.777142857142857 0.767142857142857 0.760952380952381 0.757619047619048 0.77047619047619 0.763333333333333 0.773809523809524
"...24" 0.761428571428571 0.751904761904762 0.766190476190476 0.768571428571429 0.765714285714286 0.763333333333333 0.774285714285714 0.762857142857143 0.76 0.77
"...25" 0.748571428571429 0.730952380952381 0.739523809523809 0.753809523809524 0.739047619047619 0.735714285714286 0.733809523809524 0.741904761904762 0.74 0.743333333333333
"...26" 0.747142857142857 0.758571428571429 0.754761904761905 0.760952380952381 0.755238095238095 0.757142857142857 0.759523809523809 0.748571428571429 0.745238095238095 0.759523809523809
"...27" 0.774285714285714 0.765238095238095 0.761428571428571 0.759523809523809 0.754761904761905 0.767142857142857 0.756190476190476 0.742857142857143 0.761904761904762 0.773333333333333
"...28" 0.759047619047619 0.745238095238095 0.733333333333333 0.736190476190476 0.745238095238095 0.759047619047619 0.747619047619048 0.745714285714286 0.748095238095238 0.731428571428571
"...29" 0.772857142857143 0.78 0.774285714285714 0.758095238095238 0.769523809523809 0.758095238095238 0.77 0.766666666666667 0.759523809523809 0.773333333333333
"...30" 0.762380952380952 0.743809523809524 0.765714285714286 0.745714285714286 0.746190476190476 0.741428571428571 0.755714285714286 0.752380952380952 0.727619047619048 0.739047619047619
"...31" 0.761904761904762 0.769047619047619 0.769523809523809 0.783333333333333 0.765238095238095 0.78047619047619 0.772380952380952 0.773809523809524 0.764761904761905 0.780952380952381
"...32" 0.753809523809524 0.766666666666667 0.752380952380952 0.761904761904762 0.761904761904762 0.761428571428571 0.752857142857143 0.761428571428571 0.778571428571429 0.759523809523809
"...33" 0.76 0.765238095238095 0.771904761904762 0.762380952380952 0.761904761904762 0.759523809523809 0.766190476190476 0.744761904761905 0.767619047619048 0.765238095238095
"...34" 0.738571428571429 0.733333333333333 0.748571428571429 0.758095238095238 0.747142857142857 0.739047619047619 0.74 0.734761904761905 0.751904761904762 0.748571428571429
"...35" 0.745238095238095 0.754285714285714 0.759523809523809 0.759047619047619 0.753809523809524 0.756190476190476 0.762857142857143 0.764285714285714 0.766666666666667 0.752380952380952
"...36" 0.768571428571429 0.756190476190476 0.775238095238095 0.756190476190476 0.759523809523809 0.77 0.774285714285714 0.77047619047619 0.778571428571429 0.764761904761905
"...37" 0.768095238095238 0.776190476190476 0.768571428571429 0.745238095238095 0.769047619047619 0.757619047619048 0.775714285714286 0.773333333333333 0.758095238095238 0.772857142857143
"...38" 0.743333333333333 0.756190476190476 0.739523809523809 0.743809523809524 0.748571428571429 0.736666666666667 0.739523809523809 0.748095238095238 0.747619047619048 0.742857142857143
"...39" 0.744761904761905 0.755238095238095 0.739047619047619 0.739523809523809 0.746190476190476 0.755714285714286 0.748095238095238 0.734285714285714 0.728571428571429 0.749523809523809
"...40" 0.784285714285714 0.769047619047619 0.749047619047619 0.77 0.761428571428571 0.764761904761905 0.779047619047619 0.765238095238095 0.760952380952381 0.768095238095238
"...41" 0.765714285714286 0.77952380952381 0.769523809523809 0.778571428571429 0.761904761904762 0.774761904761905 0.768571428571429 0.778095238095238 0.77 0.762857142857143
"...42" 0.781904761904762 0.77 0.762857142857143 0.77 0.78047619047619 0.77952380952381 0.766666666666667 0.760476190476191 0.779047619047619 0.758095238095238
"...43" 0.776666666666667 0.760952380952381 0.759523809523809 0.766666666666667 0.781428571428571 0.749047619047619 0.774285714285714 0.770952380952381 0.764761904761905 0.765714285714286
"...44" 0.764285714285714 0.732380952380952 0.753333333333333 0.754285714285714 0.751428571428571 0.758571428571429 0.755714285714286 0.75 0.756190476190476 0.76
"...45" 0.747142857142857 0.748095238095238 0.755714285714286 0.746190476190476 0.744761904761905 0.752380952380952 0.753333333333333 0.757142857142857 0.752380952380952 0.742380952380952
"...46" 0.773809523809524 0.744761904761905 0.775238095238095 0.755714285714286 0.761428571428571 0.756190476190476 0.749047619047619 0.754761904761905 0.750952380952381 0.761428571428571
"...47" 0.733333333333333 0.743333333333333 0.741428571428571 0.743809523809524 0.734761904761905 0.750476190476191 0.738571428571429 0.749047619047619 0.728095238095238 0.74
"...48" 0.777142857142857 0.771904761904762 0.769523809523809 0.762380952380952 0.766666666666667 0.758571428571429 0.760952380952381 0.771428571428571 0.759047619047619 0.771428571428571
"...49" 0.756666666666667 0.768095238095238 0.759523809523809 0.756666666666667 0.753809523809524 0.757142857142857 0.760476190476191 0.758095238095238 0.764285714285714 0.759047619047619
"...50" 0.769047619047619 0.77 0.769523809523809 0.772857142857143 0.776190476190476 0.760952380952381 0.769523809523809 0.77 0.771904761904762 0.770952380952381
